605.000000 529.000000 -528.000000, 155.000000 763.000000 -342.000000, 732.000000 178.000000 901.000000, 649.000000 -658.000000 613.000000, 971.000000 -443.000000 619.000000, 165.000000 -87.000000 -815.000000, -882.000000 -576.000000 -977.000000, -861.000000 629.000000 -873.000000, -446.000000 266.000000 -951.000000, -583.000000 -650.000000 927.000000, 
665.910767 453.116058 -437.637146, -109.757431 657.587952 26.628370, 476.700989 463.938263 783.087524, 415.734253 -640.351990 363.861206, 845.901123 -316.203064 333.416473, 253.461456 -386.917389 -578.449463, -644.270386 -605.195679 -542.117859, -774.799255 610.816589 -400.003906, -467.709961 188.861984 -615.710632, -545.916138 -307.667755 567.329285, 
605.544128 502.944763 -475.864166, -190.394592 639.425842 184.367722, 432.023987 495.398071 688.314880, 331.810028 -660.279053 418.081665, 774.872559 -274.298462 325.941467, 358.175934 -470.179382 -586.943787, -591.995728 -623.362000 -471.876862, -728.508972 647.685242 -334.868469, -406.100555 194.837936 -636.489258, -541.525146 -275.670044 568.308350, 
563.834290 528.691589 -489.370331, -278.627380 620.336548 318.726807, 457.311859 513.262939 653.743896, 280.845428 -669.022766 468.812714, 727.567444 -249.912003 327.373108, 418.519104 -501.535675 -573.374207, -565.385742 -618.493286 -440.681458, -728.780701 679.638855 -359.035248, -364.278931 195.429413 -645.006653, -546.492615 -288.204803 570.887573, 
535.969666 543.755615 -489.423370, -358.314178 607.901062 416.842926, 488.754669 525.824158 624.133484, 257.322052 -672.067200 505.490265, 696.620605 -240.683105 329.244568, 451.393341 -515.852722 -574.779907, -479.898773 -607.021545 -433.183136, -682.901794 677.148071 -383.976349, -328.451416 181.920685 -634.907654, -537.904175 -313.468353 570.335022, 
538.755493 578.559998 -512.532898, -404.917114 586.230591 474.399475, 497.636993 542.032471 599.096313, 253.464172 -676.118408 531.923157, 668.310547 -237.466995 329.404541, 480.181000 -519.753662 -575.269653, -509.134277 -605.728455 -435.172455, -630.573853 655.642090 -411.756348, -315.038177 156.356354 -617.731689, -476.624329 -349.469116 556.811279, 
523.248474 562.191711 -497.246246, -442.409607 567.209778 485.436768, 525.996521 588.439941 610.322998, 275.798767 -691.822449 545.265442, 788.329651 -279.037170 395.693817, 463.247192 -521.102844 -568.449768, -523.060181 -607.289551 -437.774963, -682.944763 741.504761 -485.023438, -293.945770 123.365036 -598.333008, -534.114685 -373.276825 548.106567, 
516.233765 553.734802 -485.442719, -452.556519 553.127747 493.951416, 500.694794 566.942932 574.309387, 254.141129 -657.235046 535.383972, 705.031677 -261.136993 373.694550, 490.600616 -522.148376 -555.853638, -1007.990784 -1156.188599 -840.185791, -611.325562 678.277893 -476.521179, -297.467285 114.739136 -560.401001, -548.358154 -383.422516 539.502319, 
520.155884 556.205688 -499.436523, -461.188568 546.891602 510.219910, 484.045288 555.341492 563.699158, 224.157150 -659.255859 522.066223, 668.354858 -249.971588 359.647186, 422.305023 -508.235077 -553.844238, -784.163086 -881.103760 -706.065979, -574.894470 663.747009 -478.687134, -351.650177 -36.473850 -539.597839, -562.212769 -426.312225 452.360046, 
509.496490 542.151733 -503.938477, -472.771393 532.014832 522.809631, 477.996979 565.892395 555.578918, 221.247604 -662.517761 543.915405, 667.318359 -254.204102 362.459381, 454.138062 -453.857208 -560.988892, -622.981262 -733.524048 -583.753967, -544.585938 654.961121 -486.959564, -368.309875 -62.228130 -517.001709, -586.521240 -461.729370 467.170349, 
497.633362 547.094116 -507.272949, -482.864258 518.438049 529.026733, 477.791595 574.375793 550.151062, 218.397354 -656.403748 549.708984, 665.069031 -258.885651 366.029022, 487.318237 -510.324677 -548.695007, -569.161011 -710.570374 -547.762512, -528.179565 652.852112 -456.720978, -370.259094 -44.630219 -479.379150, -591.001465 -467.937531 488.485046, 
503.184143 535.963745 -514.247620, -482.153809 508.849823 539.780090, 494.265747 605.044800 571.132141, 211.823776 -647.127197 559.716614, 653.063416 -253.785980 372.207031, 491.270264 -519.083740 -555.709167, -528.116333 -685.854309 -527.887329, -514.861206 651.749573 -480.365204, -365.634003 -32.032501 -474.018097, -585.088135 -469.373047 500.307953, 
515.237549 534.067139 -511.522827, -486.557251 504.161621 535.328308, 470.790894 589.240479 544.740295, 206.909592 -645.431885 559.645752, 656.098572 -241.085373 371.982544, 512.080566 -532.321106 -556.028076, -502.789520 -681.152100 -516.381409, -552.927734 702.958496 -517.503418, -373.796082 -20.276491 -460.115662, -589.010620 -472.327606 504.270813, 
511.233307 529.675232 -515.455261, -493.555847 508.408569 531.221130, 472.188538 589.005798 537.659668, 214.535706 -645.037109 554.741821, 657.798340 -242.380539 376.255615, 516.048096 -532.883118 -536.903870, -511.143494 -628.417908 -517.980591, -528.377808 678.365479 -508.514191, -376.826080 -2.538861 -454.712616, -599.200256 -477.029449 511.215820, 
516.981689 527.690491 -519.104675, -444.212982 494.879242 532.975342, 470.428253 588.038818 533.984680, 214.469376 -643.580994 556.503967, 707.932495 -256.684692 410.644501, 517.076111 -531.690186 -545.369080, -509.762115 -662.276794 -520.360168, -521.325745 676.284485 -506.740875, -359.043396 10.446212 -444.774017, -603.059448 -462.285492 517.223877, 
515.008850 491.771606 -520.055664, -470.546356 502.794312 538.390015, 457.384369 585.086487 526.773315, 200.894196 -634.037354 550.867188, 674.794739 -257.547455 407.318604, 504.489838 -527.250488 -545.389221, -500.889618 -658.629639 -518.014404, -512.649963 670.712830 -505.432251, -354.814117 9.278112 -439.843201, -595.204956 -469.293854 514.969360, 
513.260132 512.286865 -525.840759, -486.854156 510.173706 542.531616, 463.367767 584.515625 525.988770, 190.981033 -633.697998 549.694336, 671.271851 -264.772797 408.032990, 498.978760 -534.216064 -546.474182, -504.273499 -659.783020 -519.859863, -469.457520 671.480530 -509.519104, -359.883240 8.444689 -434.578491, -595.828491 -473.293976 514.943726, 
530.732361 499.160339 -524.166443, -499.918488 514.581482 537.533020, 470.468445 586.980469 523.821838, 182.589401 -630.577026 546.020081, 680.255249 -274.818268 410.346008, 514.058960 -536.110657 -547.535461, -662.847900 -851.358643 -670.644470, -498.810883 681.195496 -513.087585, -375.789673 7.863808 -419.421722, -604.792419 -475.617859 514.498535, 
526.645020 512.629883 -529.317139, -514.031494 532.742615 560.246826, 460.878662 582.250488 524.796021, 163.971085 -623.730835 535.618103, 668.979309 -283.088379 415.502411, 483.457764 -541.355591 -547.245911, -588.802307 -746.523682 -608.376099, -489.054932 668.957214 -515.024048, -390.253815 -39.168732 -439.766571, -597.623962 -483.926514 495.180054, 
522.713806 509.700378 -518.898621, -510.070404 512.223450 541.643921, 461.516235 577.752930 506.281067, 149.749313 -610.512085 533.128906, 687.323853 -299.426544 422.767822, 496.129364 -540.472168 -544.994080, -1093.990967 -1385.360229 -1115.822876, -494.948975 665.577271 -507.047791, -380.898651 -35.832962 -428.647858, -608.083435 -482.154694 497.317657, 
524.013977 511.162567 -524.724670, -521.571899 526.234192 556.160400, 460.267578 570.844116 514.069641, 127.420395 -601.448853 520.541260, 685.368835 -316.899933 428.364594, 443.737244 -562.395020 -554.234009, -748.823059 -858.750000 -753.476135, -493.922333 661.947571 -509.469635, -430.052948 -188.532516 -475.546753, -614.790710 -514.354553 441.975769, 
513.436829 494.321381 -522.145386, -494.858276 503.471100 539.314941, 438.801361 567.754211 516.593567, 107.667282 -586.050537 531.444702, 680.992065 -334.601196 427.955017, 462.292999 -551.704712 -549.573120, -619.133850 -754.781616 -627.988647, -481.833618 630.951111 -499.963562, -413.087219 -156.859711 -464.866364, -617.974548 -506.200897 460.226440, 
522.574219 477.150330 -523.134888, -509.063477 501.118927 535.243347, 460.487488 565.547119 517.237000, 92.874466 -574.131836 530.783569, 687.399109 -356.491638 431.903229, 486.820465 -547.444153 -546.212158, -567.122925 -725.148682 -575.498169, -490.988464 632.635010 -501.570862, -342.347565 -110.321999 -455.734680, -606.513367 -501.731964 480.214294, 
520.963806 495.769653 -522.464600, -505.030853 502.572510 536.772095, 460.279388 563.784973 518.770874, 85.211548 -561.226074 532.843323, 680.139343 -375.975708 439.374786, 497.371033 -547.510315 -547.138367, -537.439575 -696.190613 -551.799866, -488.804382 631.836121 -505.877441, -348.191406 -76.600494 -447.893677, -605.138428 -485.838928 490.818939, 
519.871582 502.379364 -497.621918, -504.427094 510.318024 538.270264, 463.152527 553.968384 520.133606, 75.236732 -551.762878 531.290710, 678.516418 -389.279877 445.425629, 500.644226 -540.850769 -548.704895, -544.038025 -708.011230 -562.545532, -490.719147 640.716248 -510.206146, -354.234985 -51.973240 -450.052032, -624.525879 -485.944061 498.421448, 
527.145081 508.983978 -508.603180, -506.425812 513.698792 533.138062, 471.165009 552.592102 522.422913, 63.240829 -544.189575 522.776306, 706.003784 -415.938385 461.214813, 509.900269 -538.309143 -541.825562, -530.895996 -686.157593 -541.993469, -498.606476 649.611145 -510.045013, -361.644653 -39.225449 -442.830322, -641.938477 -488.251801 499.166962, 
536.105835 522.353027 -526.213867, -528.109436 542.044312 560.957153, 469.313965 541.359985 521.256653, 54.598759 -529.943604 517.204163, 689.717407 -422.953003 447.686066, 498.296387 -529.363647 -541.903564, -518.799622 -679.409912 -539.302368, -516.450500 670.794189 -532.828857, -336.150879 -24.706015 -440.737061, -647.574951 -482.929993 504.278168, 
529.320801 519.778687 -519.346924, -512.637512 528.390564 539.931885, 468.495178 543.285645 517.545715, 47.084595 -542.606812 530.581116, 645.957825 -432.053680 455.865051, 508.371857 -528.016174 -546.046448, -525.161316 -677.455627 -539.382507, -508.152069 660.928467 -518.227417, -346.818542 -5.767315 -432.618103, -651.756287 -478.252869 503.886810, 
518.160706 517.020813 -516.533691, -506.348358 529.304504 540.497070, 470.863251 540.101990 519.992188, 29.829550 -531.176941 523.935303, 664.708984 -434.248840 458.513977, 504.722107 -500.984161 -546.700989, -512.062744 -665.382080 -536.124207, -500.441986 659.269348 -516.332642, -343.911377 -1.481446 -428.732025, -650.040527 -477.206726 503.083466, 
527.479736 523.143555 -426.929626, -425.053345 531.704895 538.716858, 480.299866 543.476990 521.977478, 26.055973 -523.726074 517.451355, 674.844849 -443.495331 462.007904, 512.947632 -511.946716 -545.218567, -516.940369 -665.808167 -536.203186, -505.184631 661.015015 -515.393799, -357.419281 3.839995 -426.973206, -661.758484 -482.224213 505.583130, 
531.365784 522.623474 -473.939514, -434.344055 531.790833 535.244202, 503.355011 536.889465 537.071289, 24.622885 -538.289917 525.886475, 687.953003 -452.915588 466.476044, 525.309387 -520.480164 -554.473328, -519.878540 -666.787048 -534.186401, -506.648315 668.598877 -518.009583, -372.101501 6.293203 -429.741089, -670.117737 -474.539917 505.104401, 
523.695801 520.246704 -494.164825, -466.782745 532.227356 534.931458, 502.145721 530.609558 535.026367, 23.730621 -523.793030 513.211304, 667.762634 -453.095947 464.026672, 442.145264 -515.623352 -552.718750, -506.608948 -661.330566 -534.026123, -507.858612 673.990662 -522.586121, -368.173401 6.985696 -432.222870, -718.603271 -507.037079 548.304321, 
526.355591 516.684143 -499.885681, -485.366089 533.051941 536.339600, 504.974670 534.543884 532.727356, 8.467224 -511.352753 508.687317, 681.773315 -462.424377 458.413300, 491.603729 -518.115723 -551.681213, -525.979065 -666.589111 -527.687195, -509.635345 671.644836 -519.857117, -386.341431 13.255829 -424.553833, -683.330627 -488.395691 524.149658, 
519.877319 510.983276 -505.185181, -480.277863 531.493896 535.787842, 496.588104 534.097595 530.643250, 10.969592 -475.991852 509.468262, 670.718811 -465.334442 460.605682, 497.663513 -517.695679 -552.468140, -514.821533 -664.073975 -529.222107, -498.933289 672.962158 -518.883301, -386.585938 13.398211 -428.471130, -667.682983 -483.113617 517.926819, 
513.464172 510.531952 -506.608246, -521.127502 568.642761 569.262146, 655.279480 704.356262 691.363098, 12.331695 -479.670563 506.253540, 669.403259 -467.434967 462.860229, 499.962982 -515.947876 -548.554260, -508.537048 -663.004883 -520.643860, -498.376160 674.703003 -516.978699, -389.795532 13.804170 -430.832397, -667.965210 -485.996979 515.595337, 
511.730408 489.945831 -464.407806, -468.180756 542.036499 537.102661, 550.625732 584.112854 582.805908, 19.689047 -447.893982 504.658417, 666.608521 -437.630707 464.679718, 504.163330 -515.492249 -545.512512, -505.778381 -664.281799 -525.368713, -495.271851 673.807556 -508.361176, -396.986450 19.077198 -429.523895, -666.237427 -481.794403 512.213989, 
510.500977 503.799744 -481.331421, -458.990540 538.758850 535.926575, 518.700562 559.652588 556.677368, 19.207653 -456.379608 503.780304, 661.256042 -454.902863 465.130341, 498.460022 -516.040771 -546.715027, -496.898407 -663.536072 -529.250305, -490.133728 675.705200 -515.450317, -406.192871 16.842449 -444.757538, -658.714355 -486.373688 513.030701, 
521.596497 508.779907 -489.577667, -434.743683 535.738159 530.350830, 515.351562 544.113831 538.858276, 17.997953 -462.651459 499.028625, 546.908264 -470.307251 467.368561, 510.110535 -513.110718 -545.846130, -502.387939 -646.509094 -526.099670, -495.552704 683.798218 -514.766968, -419.338196 16.229731 -446.373169, -667.842712 -488.432922 512.442688, 
522.258545 516.447937 -505.405731, -467.421814 536.660767 533.591309, 528.186096 545.695618 544.588562, -10.459493 -461.618286 497.741608, 710.660767 -551.502502 543.872253, 507.056152 -507.553772 -546.029114, -494.962646 -664.097778 -527.467102, -487.828339 682.735657 -514.233032, -415.838501 21.539131 -448.066040, -676.492615 -494.970642 524.712402, 
519.842102 513.696106 -502.152557, -481.035889 536.219727 530.414856, 513.437439 523.091614 526.424622, 11.170957 -454.833954 481.731354, 677.079468 -517.204468 505.220093, 500.886749 -505.738495 -532.053162, -496.223877 -670.669617 -527.054138, -490.678436 685.591125 -512.804443, -414.259338 20.010027 -447.695374, -693.947693 -506.373230 531.672546, 
517.379333 512.676636 -505.467346, -486.492737 532.458740 533.153564, 505.914795 522.534546 522.881775, 7.440305 -435.123779 480.261993, 670.112854 -506.392853 495.610352, 484.194824 -509.265106 -537.417114, -494.473846 -669.764465 -527.702209, -483.928131 683.660950 -511.730591, -416.634094 19.047203 -451.340698, -666.272278 -498.218567 521.059692, 
530.298340 516.569397 -512.400024, -487.208649 537.215149 533.846313, 828.595276 861.515686 851.071960, 10.072989 -441.925476 481.854889, 676.942566 -508.041962 489.022919, 488.980164 -515.023804 -540.929382, -506.155090 -679.673645 -517.135864, -545.600464 762.746826 -565.488525, -429.868378 19.346287 -454.758820, -668.358826 -502.165955 520.330444, 
512.545837 513.210754 -429.940216, -413.972595 541.622742 523.178528, 613.479736 631.086060 632.868774, 30.288548 -397.801605 488.757568, 670.586548 -432.687866 489.929230, 498.203979 -509.918549 -539.600952, -501.740662 -676.044922 -521.643372, -508.944122 705.701294 -531.343872, -426.176910 36.365044 -454.258148, -663.997314 -497.760315 519.900269, 
503.990631 514.583984 -456.842590, -445.097504 547.676025 529.916992, 553.015137 573.237183 579.470947, 28.683073 -416.046722 491.161346, 664.610046 -455.687500 484.750031, 499.957275 -508.509857 -543.010010, -492.068176 -669.211731 -521.311035, -496.266876 691.731262 -524.933167, -428.603485 31.199369 -463.519257, -652.034424 -494.612091 520.303772, 
512.724426 513.612183 -474.446564, -470.395142 542.868225 526.311340, 349.125427 551.045898 551.603271, 25.413662 -426.763611 486.115387, 674.459290 -476.829773 479.963745, 504.259125 -509.544830 -542.094238, -496.591278 -674.754150 -522.348145, -470.446564 690.296875 -518.665039, -393.838409 25.875288 -461.473816, -717.594421 -537.776245 564.947388, 
534.535034 514.964844 -472.402069, -527.015564 528.349670 525.651794, 444.912720 533.070679 544.903503, 7.516163 -446.122742 482.279877, 717.829163 -495.354218 510.283875, 510.278198 -511.180054 -543.060852, -501.276550 -671.294189 -515.408936, -474.791321 688.635376 -518.043945, -435.506226 20.553612 -480.812958, -505.107056 -510.685791 531.416077, 
523.490234 506.289581 -485.154663, -524.275269 520.091125 526.271057, 475.161621 545.319214 551.671814, 49.108246 -437.873413 466.050293, 676.338074 -484.098206 494.267914, 502.414551 -506.482361 -541.023926, -493.474915 -670.813416 -512.516174, -468.166992 686.589783 -514.174316, -430.188385 18.169132 -472.469482, -637.147583 -540.339478 559.139099, 
528.319397 508.157013 -489.017975, -523.820435 520.189453 512.424561, 484.004669 541.623230 536.592957, 36.127010 -436.293762 461.667542, 684.542297 -486.683594 490.223358, 900.921387 -894.061584 -956.889893, -487.793945 -674.580627 -511.835754, -478.091980 694.511536 -512.901428, -439.411865 15.727464 -465.911011, -644.697876 -521.457581 538.895874, 
531.405701 421.582306 -505.157135, -515.355896 529.452454 529.407410, 490.067902 541.604553 532.381653, 46.141464 -442.973328 425.923035, 676.701477 -493.709900 395.125610, 639.847107 -635.070007 -669.354553, -392.169952 -674.308899 -524.220337, -478.579468 692.480225 -512.344055, -403.709991 -0.527761 -477.930084, -650.281494 -513.131409 530.639038, 
524.127625 451.913849 -507.051056, -502.520355 523.089294 530.804810, 488.290436 539.834961 529.363220, 41.250301 -435.922363 449.884796, 672.998108 -490.228851 425.047302, 561.868286 -555.552002 -600.094482, -425.670593 -677.235413 -508.077728, -468.485809 684.941284 -486.690765, -422.731018 -0.676955 -479.467590, -645.819702 -508.222015 521.425476, 
524.862793 478.128510 -505.207977, -505.246368 522.719421 533.216431, 487.162445 539.557983 525.776428, 36.491982 -440.875549 469.238495, 686.684265 -498.812164 457.674377, 535.184387 -532.059692 -572.418213, -455.732452 -687.636658 -519.455322, -444.077881 686.392029 -493.468414, -440.336273 0.935021 -481.833282, -650.444519 -506.804382 520.297974, 
534.789429 493.500732 -508.313751, -511.732971 524.967773 534.214539, 507.625488 546.189087 531.925049, 33.807957 -444.788147 475.812256, 710.155273 -513.451355 481.733734, 541.124390 -538.537781 -573.311462, -475.639008 -691.086243 -518.554871, -466.071075 700.179688 -501.721924, -454.213043 3.952107 -433.044495, -660.488831 -510.591187 520.748535, 
526.022278 494.309875 -508.303497, -457.893127 525.842041 537.646729, 495.502136 537.140564 522.949097, 36.375874 -440.595947 474.511108, 674.063354 -500.544800 457.793610, 507.265320 -518.883484 -553.437988, -476.221802 -681.308838 -526.413513, -465.893738 690.815002 -504.076874, -448.251129 7.926362 -448.874237, -649.955322 -517.800293 532.516296, 
529.076172 501.166718 -508.870819, -483.577454 526.426941 534.614075, 508.941925 535.797058 519.851501, 31.804243 -455.337280 488.348999, 681.206970 -496.453400 464.804901, 510.579773 -513.280884 -547.778564, -486.973969 -679.644714 -523.656189, -471.764160 688.477478 -502.921143, -454.427521 10.347778 -450.143677, -655.567200 -507.724304 524.114380, 
545.123047 522.286011 -527.823059, -491.051331 527.364380 533.284058, 506.146149 531.431152 518.371948, 28.117002 -451.250854 485.475555, 681.838501 -493.348511 469.976471, 509.860992 -511.153351 -544.940186, -488.526550 -679.430176 -522.513611, -474.433258 688.440491 -503.986572, -452.634705 11.627865 -452.010864, -659.538757 -503.875977 520.374023, 
523.902588 511.167419 -517.127319, -492.700806 526.929993 536.342529, 496.979706 516.382812 510.472443, 25.255507 -449.114868 484.784332, 674.723328 -492.021729 474.938293, 502.830994 -498.506744 -546.377380, -483.373535 -677.427734 -521.767151, -467.395752 685.967834 -504.324921, -441.352173 13.608120 -455.176666, -673.131165 -514.985168 532.490295, 
522.140747 511.872864 -513.845398, -499.774200 527.758606 536.606934, 498.755524 527.502197 513.049744, 18.862600 -465.171082 500.697144, 676.853577 -497.759827 476.666412, 542.083191 -538.142944 -580.530701, -486.725220 -676.919250 -521.102417, -482.473175 697.746704 -511.779144, -445.565643 13.721228 -455.205048, -667.195862 -505.803162 523.519348, 
514.401306 502.913391 -507.577393, -494.743317 528.112915 536.130310, 481.893311 527.489990 515.445984, 17.963364 -456.413574 490.639313, 669.369263 -489.516357 468.891418, 514.980713 -481.587524 -556.439087, -475.936646 -577.456787 -520.481384, -460.227081 690.130249 -509.430359, -427.445679 14.164109 -455.751740, -662.406433 -502.625580 517.873413, 
525.832031 514.586426 -509.092773, -497.051208 534.772156 539.938721, 496.513947 534.316711 519.962402, 16.805218 -463.090332 381.815887, 682.755371 -495.794617 474.380585, 368.554413 -502.598663 -550.720825, -492.405029 -653.090088 -530.978760, -479.159515 694.845581 -508.926575, -446.060425 36.982033 -461.353790, -666.585266 -506.203491 516.168640, 
526.077698 501.851013 -510.007721, -498.116547 529.888245 542.459778, 492.810181 529.213562 523.527832, 15.767544 -455.532654 421.642914, 671.680420 -490.025055 478.569458, 458.962921 -507.052673 -544.315186, -531.032349 -681.083069 -547.800354, -588.210022 860.068787 -625.944641, -453.537262 40.030327 -460.129272, -648.387756 -500.777496 530.605286, 
505.892303 493.387238 -485.741974, -494.458771 534.398071 518.738770, 494.075806 532.058716 519.372864, 15.856644 -455.666504 434.581146, 676.300903 -489.065308 486.233948, 490.603485 -513.042358 -548.667175, -524.848267 -675.895142 -537.750000, -525.310547 737.791809 -550.814941, -450.829010 70.834976 -456.563354, -654.919128 -500.721619 530.493530, 
479.577545 505.124908 -500.674683, -495.133148 530.403381 526.188416, 496.166931 534.228760 527.093262, 16.753538 -455.900635 443.068909, 683.007629 -496.435516 498.977417, 400.289093 -516.173401 -552.849304, -510.360840 -663.947998 -533.333984, -500.633392 714.728821 -530.463257, -445.778442 55.469650 -458.555267, -656.193054 -499.525116 531.171387, 
504.614838 502.650391 -505.319305, -502.368408 540.065613 541.702759, 494.719604 531.952820 523.301819, 18.294474 -497.506195 501.212006, 671.447937 -491.174866 484.517517, 466.071259 -511.997314 -547.276306, -518.971741 -660.948303 -527.470947, -482.459015 701.583862 -519.702759, -448.850922 45.364414 -455.286072, -657.645020 -500.315796 531.845154, 
511.598145 502.122437 -507.447327, -495.209747 533.007751 540.402222, 489.414215 528.155579 522.933472, 16.147440 -479.150665 492.385223, 668.256836 -481.332214 476.122009, 482.138519 -509.032745 -545.204346, -504.349487 -660.928894 -523.670227, -472.636932 695.386841 -510.946991, -440.302155 36.131130 -448.332977, -653.018372 -490.338104 521.914917, 
521.000366 502.160522 -505.439484, -501.711578 508.361420 533.813538, 496.391113 532.389404 518.473022, 15.384498 -473.820007 487.011810, 671.912598 -480.224884 474.244751, 499.776947 -485.189026 -542.413147, -506.005707 -667.564209 -523.874146, -478.455658 696.149109 -508.043152, -443.756226 30.544277 -446.333221, -665.676819 -490.666656 518.254211, 
523.933899 514.844604 -513.816589, -499.665375 522.542725 537.276489, 491.892456 535.648865 519.072754, 14.500241 -473.833466 485.731171, 671.629944 -483.797607 477.374481, 501.107025 -498.720276 -544.596680, -483.049103 -669.492981 -524.118408, -475.231049 692.011414 -505.813965, -445.559540 26.646235 -457.984192, -521.663757 -499.509583 520.311829, 
512.658447 510.091583 -511.329651, -501.292999 521.896667 537.510681, 489.464722 534.154114 519.482483, 44.517044 -460.668976 478.792633, 668.673035 -450.342529 480.536407, 499.526367 -499.409088 -543.858154, -485.863586 -669.345032 -522.051331, -472.214935 688.370056 -503.647278, -442.733734 22.769428 -456.513184, -615.214478 -504.879822 524.837952, 
514.562805 510.717346 -512.857117, -498.791870 525.358398 543.006531, 486.009247 540.305481 519.293884, 39.369305 -461.993134 477.866608, 671.738281 -466.838440 482.198151, 502.159607 -506.771942 -549.723022, -482.820312 -663.146545 -522.474182, -471.020508 687.722656 -502.378235, -437.946899 20.483265 -457.475555, -632.295654 -504.508148 524.364624, 
517.909363 508.861847 -513.479370, -500.230560 525.130615 540.236023, 486.769867 538.770325 519.755127, 34.132904 -460.460175 471.610107, 675.272522 -475.449738 460.988953, 467.293243 -497.768799 -559.132690, -486.813080 -670.912354 -525.096130, -474.550781 688.208801 -502.370361, -437.890656 20.502237 -456.657532, -644.411194 -502.399567 523.093567, 
522.866699 477.891541 -509.660065, -503.619263 526.078918 537.901794, 492.225403 538.242859 519.759705, 29.980371 -460.268372 476.901642, 688.270081 -485.586273 468.738800, 495.473541 -506.024323 -554.201477, -499.863922 -489.346832 -524.299133, -447.140198 690.304810 -501.210449, -444.160217 21.490562 -457.532684, -651.237549 -494.338409 521.185852, 
528.540039 492.507141 -508.923096, -503.308868 527.330750 536.249084, 492.781769 536.835754 518.881653, 29.387695 -481.528351 498.673340, 682.351196 -485.702026 473.186951, 496.054291 -520.236694 -548.696899, -507.188873 -614.637878 -536.003296, -462.843658 698.911438 -507.607361, -439.087708 58.071075 -444.932281, -655.762268 -500.224121 515.616882, 
517.582336 432.284515 -509.828278, -505.079102 528.907288 538.339050, 530.121277 575.297607 556.620605, 24.453419 -442.759338 491.362061, 698.289917 -489.719055 480.125641, 500.372253 -520.360840 -544.367493, -501.538361 -647.400330 -532.623901, -473.389343 706.721130 -488.942505, -438.291321 51.072418 -442.608459, -682.457825 -516.227417 527.883667, 
521.043152 475.796326 -504.191650, -517.490662 548.109375 561.030945, 505.005676 551.248962 528.246460, 23.058144 -440.357208 487.168701, 681.945374 -485.211609 478.412537, 499.547211 -530.083801 -541.445984, -496.341278 -657.524902 -529.336182, -466.389801 697.529602 -498.396851, -443.196503 41.150841 -446.256714, -665.314697 -510.977600 519.427307, 
521.346497 487.467255 -507.926636, -503.637146 532.298828 547.319214, 492.771851 542.286926 522.082153, 22.185478 -470.489990 521.979736, 674.378723 -483.232117 478.816742, 498.221527 -521.210693 -540.806885, -491.884918 -661.641357 -529.872620, -464.549103 688.961548 -499.870850, -443.220642 34.175732 -447.596863, -657.634460 -504.953461 516.372131, 
527.228882 464.874847 -507.321564, -617.617493 529.162720 658.554810, 493.951019 538.370117 517.203125, 19.866938 -463.924316 507.209686, 682.559875 -482.721588 474.372833, 489.730316 -520.776428 -539.343323, -500.522339 -676.409607 -532.646606, -482.462402 707.866333 -510.209503, -473.637329 29.217377 -474.028870, -661.612488 -502.772278 509.736420, 
514.950867 484.077911 -509.546356, -536.720459 523.522217 577.733398, 461.123260 539.449890 515.355225, 15.185822 -448.854492 498.006958, 671.974243 -482.346283 474.798553, 476.174072 -518.723450 -540.018799, -490.531403 -678.990723 -529.689392, -458.687012 696.705383 -476.841736, -454.367310 30.852783 -453.786407, -658.157593 -503.205566 504.124329, 
524.515137 494.125641 -511.322845, -520.476196 520.903076 555.867737, 475.159241 539.950134 515.947510, 14.216489 -455.721680 500.438110, 676.730652 -483.411285 474.050873, 506.890656 -530.821777 -555.795288, -490.394318 -674.335571 -529.356506, -464.527161 695.684998 -481.206390, -454.909424 27.495960 -458.232269, -626.091614 -507.158356 504.930145, 
521.020020 495.424652 -511.887421, -514.004211 521.659973 483.760803, 485.881622 544.285950 522.040771, 22.356535 -450.988922 493.267151, 671.933228 -481.396759 472.922272, 501.296478 -517.411133 -547.005859, -489.499176 -675.008545 -530.952576, -463.990326 694.533020 -488.247101, -437.253265 23.137022 -461.784363, -652.453674 -508.978790 510.171692, 
522.346558 499.322052 -507.902252, -510.368774 522.977966 516.367371, 474.610504 539.990723 520.061279, 20.879791 -449.614532 490.199738, 636.042969 -500.563385 488.549561, 506.803894 -514.302063 -540.712097, -553.954834 -759.206055 -592.061096, -470.872833 693.599304 -503.325226, -443.556244 18.872782 -468.969482, -661.032410 -506.451172 511.740295, 
524.080078 502.133179 -506.936279, -510.500885 523.925415 526.699890, 487.497742 537.215393 519.194397, 7.882383 -467.481720 497.412598, 625.721008 -493.622375 486.699951, 509.431274 -527.467346 -549.995667, -514.513062 -533.500183 -540.805176, -472.474274 691.463928 -505.116394, -440.123749 -1.015668 -467.706909, -661.401917 -507.682251 506.321533, 
518.999756 498.840729 -508.316681, -502.242493 522.935974 531.606140, 487.414978 534.141296 519.222778, -0.101344 -465.448792 492.736816, 654.425354 -489.045807 484.020691, 499.044525 -518.946350 -540.863037, -504.520325 -630.976440 -540.569824, -480.459045 696.976379 -519.243164, -421.441040 35.589333 -455.897369, -661.659180 -508.283569 507.480499, 
543.624146 521.846375 -525.279846, -508.076233 526.632874 535.273560, 490.877350 534.795532 519.206604, 2.965154 -464.148010 488.615173, 667.964478 -486.969299 481.653503, 501.557770 -519.607483 -540.382080, -504.744141 -658.545715 -448.505585, -483.000641 695.212952 -511.643127, -402.991943 34.214565 -451.002930, -666.824158 -500.486786 506.470886, 
527.091614 511.116608 -516.647644, -501.726776 487.590363 536.922546, 485.891205 532.016174 518.165588, 8.826250 -459.470917 497.035431, 711.790344 -526.445312 526.642822, 501.617218 -518.813965 -548.773621, -497.712067 -662.133789 -494.191162, -478.661743 689.307251 -509.062744, -401.034424 31.213413 -462.866882, -693.821777 -516.380737 546.591980, 
533.303101 507.334137 -507.727600, -463.169159 511.347290 529.571106, 494.626617 527.871704 512.130676, 16.615583 -457.535156 484.231842, 679.801575 -505.102875 498.034515, 513.561035 -514.650696 -532.959473, -506.561584 -666.706238 -504.061523, -489.455872 692.556396 -501.903320, -428.530426 26.674734 -481.071655, -694.861633 -526.733337 543.874512, 
519.739075 505.601593 -507.973877, -493.096069 523.639282 537.731445, 474.971771 528.463806 513.983887, 12.377891 -455.110687 478.031891, 677.331177 -495.448059 491.741791, 509.990295 -511.184387 -533.196106, -498.933472 -670.310913 -508.204193, -486.357910 692.662415 -497.858856, -428.612305 22.813345 -475.266174, -434.926239 -507.501984 528.094604, 
522.767029 510.959534 -511.562744, -511.775787 516.494202 538.201721, 484.489899 532.818909 517.632263, 62.303558 -442.180939 463.074432, 678.291382 -440.010590 494.157379, 513.263245 -514.768677 -542.000061, -505.201752 -674.891724 -508.171539, -487.926117 693.742737 -499.989197, -438.232422 20.385424 -474.728485, -589.433655 -517.548828 540.423035, 
520.302124 509.940155 -511.869141, -510.977448 519.969055 537.418091, 485.473480 545.877380 515.663269, 54.656876 -448.227020 457.821808, 687.080994 -451.629852 494.583069, 509.136200 -513.136047 -541.718506, -498.403687 -675.291809 -511.263550, -480.677734 691.346985 -474.102875, -435.593048 18.749262 -472.827728, -624.003113 -510.585388 534.458435, 
518.331726 507.283539 -512.859558, -505.638794 406.483063 541.282959, 485.078003 546.807678 517.379761, 47.022236 -455.269562 462.591614, 682.450073 -465.653107 494.731995, 501.669067 -499.662109 -551.640015, -492.889618 -675.035217 -515.328186, -477.355133 690.737366 -486.655273, -440.828186 18.085304 -461.848175, -636.858826 -506.890778 530.706726, 
524.385010 509.630524 -511.411591, -513.187439 480.555756 545.223083, 492.615082 559.132629 524.739502, 31.532581 -462.120575 462.057312, 689.056641 -476.017639 490.409454, 513.892517 -510.509613 -547.221741, -505.341644 -689.180542 -526.189819, -482.948517 675.089294 -481.098358, -443.175079 15.940167 -471.954559, -648.368958 -530.805969 524.796570, 
529.442627 520.281616 -522.872620, -509.196991 506.576324 551.407837, 481.855103 545.936584 522.667297, 32.465607 -467.040894 473.346039, 676.503601 -475.285431 493.135345, 504.343445 -507.910065 -545.622864, -490.248688 -675.908875 -526.573242, -475.592590 686.103088 -484.582672, -433.678040 9.562902 -473.875702, -648.545532 -517.207458 521.545349, 
522.832703 511.595917 -512.984985, -515.742798 523.602600 554.655762, 488.337830 543.086060 519.202026, 27.920820 -461.393158 470.370544, 677.628723 -475.882843 488.589020, 440.371674 -518.504150 -552.460876, -491.154663 -675.100586 -523.904297, -477.599152 689.722290 -488.345795, -361.673523 13.386498 -472.498840, -654.048584 -511.227814 516.660522, 
531.963562 507.307648 -510.208221, -503.636475 514.162720 542.311890, 489.374359 530.661438 516.742065, 24.596209 -458.541046 477.387909, 680.484131 -479.151917 478.653564, 493.079071 -519.761292 -546.477478, -507.005737 -669.925903 -523.732300, -490.607269 682.511353 -489.249420, -390.273834 19.823318 -465.976471, -657.596191 -503.285614 512.075989, 
520.825928 508.866608 -512.820801, -512.981384 537.439514 561.149292, 486.837799 535.605408 519.890808, 22.475859 -461.421417 482.416931, 671.755798 -480.809906 479.568665, 497.615967 -515.194519 -544.509399, -503.399384 -666.347107 -527.309448, -485.198395 682.905762 -495.395264, -389.898529 19.118856 -467.049347, -656.558472 -502.638397 514.631775, 
526.325439 511.893219 -511.880981, -509.577850 528.397766 544.457947, 491.225159 536.898499 517.862854, 19.404346 -461.510803 479.162323, 801.185364 -585.381775 580.486816, 511.257782 -518.019958 -544.344604, -508.949860 -670.159790 -526.897522, -493.172943 687.287964 -494.342926, -407.140503 20.348780 -454.223694, -701.198608 -527.659424 541.980835, 
518.181641 510.653076 -510.030609, -538.230896 558.362061 577.551208, 495.333771 518.533813 515.369629, 39.473244 -454.088226 471.193054, 711.797852 -528.223145 526.409851, 518.363342 -511.867462 -524.657715, -506.284882 -671.845947 -526.416016, -493.111481 688.584045 -499.120422, -413.454193 18.774635 -453.866638, -672.983276 -509.535156 524.962036, 
515.047913 511.086151 -512.318359, -516.578979 542.069885 561.214722, 504.401550 538.898804 534.844116, 30.844431 -447.015808 472.707214, 678.999756 -506.462891 509.333069, 507.511475 -458.693146 -530.195435, -493.339508 -669.638428 -527.556885, -481.051544 681.346130 -491.298920, -411.532227 19.326881 -451.127533, -655.306030 -501.314758 521.779541, 
510.723877 519.842224 -510.083923, -500.495209 529.666199 548.740784, 492.928040 531.453918 523.853088, 25.653891 -443.337341 473.507019, 666.164307 -498.722931 499.172180, 504.510620 -486.865662 -535.281555, -484.339233 -661.740295 -529.449646, -477.580231 674.639038 -495.206055, -415.857605 19.815397 -451.485870, -648.323242 -497.921387 519.917236, 
516.927917 521.336975 -513.862366, -495.963226 528.848816 543.685425, 492.822510 532.359497 523.496399, 22.385521 -444.524078 474.612305, 661.361328 -493.897797 494.049927, 503.971069 -493.216003 -538.038086, -487.782715 -673.034851 -535.350952, -478.435822 680.828613 -500.064423, -419.050690 19.018126 -455.056305, -655.839233 -505.235199 524.268799, 
517.566711 518.012512 -512.600281, -502.315704 528.411987 546.377747, 492.555695 532.095703 520.347839, 17.832748 -445.277344 464.305634, 661.117432 -492.796997 491.631989, 507.768799 -502.156067 -543.096130, -481.344849 -670.411255 -530.358215, -485.016205 692.770996 -507.413239, -422.591888 17.005394 -455.914978, -651.838562 -503.604828 517.504944, 
521.037476 520.299683 -518.751038, -498.370148 527.747620 541.286438, 481.188599 535.757874 523.329590, 17.224403 -446.914459 469.554901, 660.356445 -480.206818 487.507416, 500.439880 -501.208038 -542.049316, -482.514008 -670.246338 -530.673950, -479.077454 684.663452 -504.352661, -424.470825 19.756130 -457.813141, -647.436401 -499.481323 517.611572, 
517.191467 513.457458 -513.806824, -499.490936 526.456055 537.870667, 489.752472 538.687744 526.451477, 17.813145 -452.787384 476.401093, 660.368347 -482.748535 487.857086, 501.924438 -500.165100 -542.265747, -482.272369 -670.624390 -529.427979, -475.907867 681.638428 -503.580688, -426.214783 19.785208 -463.106842, -644.815857 -499.513275 516.735413, 
504.640350 511.581024 -511.643219, -499.686279 504.167023 538.547424, 485.795990 536.224548 522.652405, 18.265720 -452.304993 476.858795, 661.916870 -484.128693 486.481140, 503.980408 -503.052826 -530.733826, -484.312225 -671.429871 -528.698975, -475.923065 682.457031 -501.750702, -429.455719 18.111929 -465.356659, -651.529907 -501.801758 516.416199, 
510.922852 509.575287 -511.897949, -504.211121 522.309875 542.562561, 474.828339 537.324097 520.034424, 16.626993 -453.620087 478.176575, 660.906677 -484.931702 491.876984, 504.202911 -502.842163 -536.976318, -482.413849 -677.152222 -532.945129, -477.173920 683.197388 -501.300873, -429.043732 15.549857 -466.169128, -645.744568 -506.194733 514.796936, 
513.176697 509.192749 -511.677856, -505.813782 525.379456 543.520142, 492.832489 546.564209 529.861389, 16.429899 -452.480164 477.072815, 663.418823 -483.670319 490.748749, 505.242371 -503.510864 -538.806274, -485.603363 -679.473389 -535.161011, -472.087280 684.235718 -499.770050, -427.961090 14.285029 -463.978973, -651.263611 -503.733276 513.307251, 
521.229919 513.667908 -514.415222, -499.378326 525.148926 540.401001, 487.165070 538.974854 522.690491, 16.547571 -452.001282 477.151398, 663.875610 -483.299347 489.149536, 504.745819 -504.239532 -539.067261, -493.256348 -689.812683 -541.916077, -470.980469 684.957886 -499.318329, -432.404449 13.958632 -468.016296, -657.935791 -506.949371 516.957336, 
516.250000 510.032867 -512.246765, -499.173157 524.010315 539.586304, 487.192200 535.852112 519.476257, 14.907665 -452.259979 476.622711, 654.747375 -481.903351 489.024139, 504.096527 -500.861450 -539.505188, -485.889404 -678.019287 -531.096558, -470.122498 684.922241 -498.398804, -430.667572 11.789396 -466.421997, -655.679688 -503.441193 514.408142, 
516.233521 509.693848 -512.346619, -498.127930 524.040405 538.856018, 487.416260 535.796631 519.507385, 12.731872 -452.040161 478.289764, 659.449219 -481.945038 488.784424, 502.459198 -504.000580 -539.497925, -483.540527 -674.432373 -529.412537, -470.132050 684.723816 -501.119141, -419.052948 13.346124 -466.518127, -655.643616 -502.139557 514.337646, 
511.260529 508.490326 -511.194244, -494.960754 525.677307 536.654297, 539.562744 590.377075 571.313110, 13.005274 -454.671051 481.085449, 664.339539 -485.199097 488.945557, 507.240692 -505.893402 -540.039978, -487.733582 -674.288086 -528.229675, -478.938477 666.063538 -503.982788, -421.924896 14.316219 -446.602753, -661.446289 -503.641998 514.865234, 
511.436493 511.109711 -505.199188, -483.873535 525.518494 535.684326, 507.827942 552.198242 540.894470, 15.768631 -440.057861 482.658722, 658.082153 -473.769165 485.351379, 501.052094 -503.541565 -539.900879, -482.868835 -670.868469 -530.897705, -478.907349 676.314026 -506.410980, -420.018494 10.970384 -452.013733, -656.242371 -500.730469 515.635742, 
512.916687 509.653625 -505.279327, -483.652191 526.535217 537.250610, 499.145691 531.441589 530.452026, 16.374472 -480.008789 521.376892, 658.100647 -480.445038 484.814636, 502.818634 -505.107269 -542.245056, -479.484436 -672.203735 -530.601318, -478.115906 677.518188 -506.742767, -422.774475 12.279098 -455.922424, -664.376465 -508.873749 521.242615, 
514.202209 510.245605 -506.576233, -488.666260 520.290710 536.691895, 496.341431 532.384583 528.420837, 12.010954 -473.417511 508.238007, 661.485168 -479.996338 477.759460, 503.292877 -506.286865 -540.251465, -482.402374 -672.991089 -522.460388, -465.100769 679.940308 -506.860809, -422.241669 11.183060 -451.448669, -661.378418 -500.179749 509.302765, 
519.955627 416.305511 -508.065125, -499.906769 530.043579 525.613831, 495.620636 531.926147 523.369507, 12.326939 -473.055298 507.985382, 667.290222 -481.513763 476.208130, 505.395935 -506.663269 -540.034546, -484.923035 -674.368103 -525.325867, -476.934143 683.106506 -507.062042, -426.794037 12.221887 -450.322906, -663.575623 -498.240570 508.451599, 
519.132141 475.736298 -516.605469, -492.649139 527.725342 533.187805, 488.613861 537.253967 519.772461, 12.362787 -467.284058 504.125031, 665.189148 -485.555389 482.392670, 498.836761 -526.177429 -542.734741, -484.579010 -676.038025 -530.611450, -462.766724 683.823792 -510.511047, -429.543640 10.406605 -452.752136, -662.034363 -497.647308 509.315948, 
518.358398 481.248657 -514.513000, -494.684448 515.645447 536.565552, 487.532166 534.184570 518.204834, 12.315578 -464.766785 501.136841, 659.223938 -480.376587 478.291656, 497.069183 -518.885437 -535.603210, -484.550323 -672.831726 -529.670044, -463.412872 682.655762 -509.482849, -430.484772 10.744526 -456.089752, -660.612732 -497.333527 511.125549, 
536.425781 508.418427 -531.188965, -498.563354 531.311829 545.410522, 486.653625 535.013184 519.311462, 11.502153 -463.448608 498.936066, 659.876038 -478.589417 479.123138, 495.875183 -514.344849 -535.055359, -483.462799 -669.810425 -529.112183, -465.248138 683.189148 -507.808624, -430.288818 11.610896 -457.140472, -658.101013 -499.344116 509.713837, 
525.060974 505.276276 -519.740967, -497.908600 528.628784 540.501404, 485.306183 533.908020 514.588745, 10.795536 -461.068146 497.853882, 658.114258 -479.259613 481.525513, 494.439758 -508.510254 -536.340759, -482.916748 -661.631409 -529.425232, -463.862427 681.973450 -504.252228, -425.425629 15.569455 -454.665619, -658.830322 -497.684875 510.663605, 
520.481018 500.011139 -517.737061, -498.757935 528.570068 541.236755, 486.721222 534.628967 517.626343, 10.252895 -460.529327 495.744904, 661.249329 -482.639893 482.065887, 506.852844 -514.518250 -548.829041, -481.831940 -667.908264 -530.040344, -467.008453 683.808838 -504.998047, -408.192230 18.437498 -455.614899, -659.214478 -497.198151 510.551361, 
525.475525 508.404633 -520.090881, -498.044434 526.176880 539.190430, 486.928009 534.061951 517.892517, 11.520941 -459.513306 493.043579, 676.293213 -479.281250 491.018768, 501.369171 -510.299164 -542.180176, -483.433075 -667.280884 -528.986145, -470.405365 681.272766 -504.071533, -413.590607 17.535925 -456.071350, -655.516418 -495.678680 510.099182, 
518.596680 506.936890 -511.713989, -496.864288 527.960815 539.942993, 492.523468 542.452271 525.448303, 15.350802 -462.774200 492.300507, 664.104004 -479.176208 485.547913, 499.475037 -508.096619 -538.382446, -483.479279 -668.210327 -528.871521, -471.168396 680.821594 -504.261932, -413.902557 18.221582 -455.936310, -656.121155 -497.361725 510.558441, 
518.212952 510.926178 -513.829224, -496.453033 525.176636 533.207581, 488.752472 538.049072 519.190796, 14.889583 -467.386200 496.854370, 646.357300 -477.820740 484.043701, 506.661377 -492.948792 -545.055237, -488.277130 -670.811584 -530.519409, -474.745972 682.418640 -503.954865, -418.053314 17.353392 -455.529694, -655.714966 -496.920837 509.357635, 
518.151062 514.422852 -513.612732, -493.176758 524.200317 535.816040, 487.952393 535.463501 519.916870, 10.425947 -466.023773 494.235321, 651.767029 -479.518066 483.319244, 500.572357 -498.278381 -539.773132, -483.816589 -669.514465 -529.053528, -474.291595 663.762146 -504.893585, -419.547211 16.884054 -456.445343, -657.181213 -494.882629 512.067627, 
517.851379 513.023132 -513.528320, -494.519714 525.798706 536.807922, 492.366577 538.967896 524.838867, 9.640581 -465.809784 494.401947, 657.532837 -480.369781 483.358429, 509.620422 -509.193573 -550.463684, -482.846405 -669.312561 -528.632141, -476.815552 677.168823 -506.460968, -419.524292 13.064862 -456.391266, -658.007263 -492.385010 512.987244, 
515.280090 507.887360 -509.857117, -493.975616 522.915710 535.235901, 489.902649 533.735107 521.787170, 10.736154 -460.663544 493.089661, 657.423096 -479.026581 480.213196, 500.930420 -507.916138 -546.933777, -456.877258 -670.261658 -527.799133, -477.092743 679.247314 -505.019653, -418.828644 13.263648 -453.122742, -659.920044 -497.446075 514.627747, 
515.546326 508.531158 -511.017181, -495.365082 525.943359 525.232788, 488.017578 533.912048 521.233948, 11.143271 -454.042633 492.873657, 657.584106 -479.548950 478.133942, 504.857208 -506.003662 -543.573181, -470.554932 -670.848572 -528.218933, -477.086853 683.643311 -507.873413, -422.143158 13.725247 -454.239899, -657.417419 -497.922272 510.340240, 
514.975403 508.667206 -509.080933, -495.224365 527.351318 533.241455, 488.970581 536.222534 522.713806, 10.944479 -457.848450 496.576599, 658.382385 -478.200165 480.496399, 503.666931 -504.277466 -541.699524, -476.238403 -671.744324 -528.210632, -476.929443 681.006226 -509.236572, -427.689209 15.168037 -461.581604, -656.147583 -500.494659 511.585297, 
515.090149 508.953033 -509.592987, -494.819672 527.713989 535.107300, 490.278900 538.886108 526.880554, 11.365870 -458.309570 495.748505, 659.947144 -479.241699 478.678955, 497.484192 -504.309692 -542.562927, -478.661285 -674.261108 -528.070740, -481.226166 691.803101 -514.081665, -425.465790 14.523643 -462.201996, -663.824707 -506.922607 518.690552, 
514.390381 505.715637 -508.850159, -498.347015 525.179626 539.495728, 489.842621 535.708069 524.140930, 10.108220 -456.716156 491.901306, 657.214722 -479.138947 479.196533, 497.433014 -498.786926 -540.511108, -480.591553 -672.568298 -526.140869, -473.928741 684.725403 -509.439850, -425.019806 16.926250 -459.775909, -657.632141 -500.575989 512.612732, 
529.342346 522.915771 -523.294312, -495.770630 526.157288 535.900330, 488.814636 535.246399 522.871277, 10.138305 -458.446198 495.231995, 658.598022 -481.779785 482.059082, 493.954346 -502.241669 -541.614624, -479.174957 -670.846069 -527.217773, -480.164062 693.509094 -513.504700, -426.359375 16.357920 -459.348846, -663.474243 -504.230255 516.263550, 
521.238647 514.090271 -517.196167, -496.392365 526.059143 536.633850, 482.925537 534.351074 517.069092, 9.236868 -456.507263 493.682770, 659.505127 -481.886169 479.742462, 499.556946 -501.062469 -542.054810, -481.595947 -671.415710 -520.590759, -475.392639 687.142761 -508.202820, -424.170258 19.358089 -458.736145, -667.625427 -506.704529 520.408081, 
517.159302 510.971619 -515.582458, -498.247467 525.714539 536.008118, 485.591736 522.421265 518.536682, 7.884676 -456.043640 493.574829, 657.928833 -481.998657 481.080200, 498.355927 -500.782349 -541.367554, -482.017609 -670.731323 -522.895813, -474.997894 684.013306 -507.296478, -424.167969 18.550488 -458.360443, -657.603516 -498.525665 515.273682, 
517.125305 510.690826 -512.864929, -498.213348 528.206543 537.087891, 492.097260 533.994568 523.949402, 8.381522 -456.944153 493.017822, 656.641113 -485.377594 481.827484, 498.632721 -503.370514 -541.375122, -481.160522 -666.978333 -524.458862, -472.254028 683.426819 -506.755402, -423.788605 17.168184 -459.119629, -657.355530 -500.340668 514.989929, 
521.220337 509.952118 -513.580139, -496.080658 528.794250 537.376282, 491.235504 533.940063 523.514771, 9.417552 -455.584473 492.100861, 653.511475 -485.308655 481.173615, 499.230377 -502.980408 -540.300842, -482.453766 -669.711304 -526.633667, -472.522461 681.685791 -506.042694, -434.060547 18.055464 -470.392853, -659.043640 -499.479248 513.514343, 
525.487000 515.931702 -519.274353, -495.687866 528.511963 537.171692, 490.081512 532.632812 520.964478, 8.712641 -453.934174 490.174347, 655.072144 -484.701324 481.509827, 497.871887 -502.111755 -540.409668, -483.114288 -672.436523 -526.688232, -471.043365 683.312561 -504.031281, -429.096893 18.268213 -465.790131, -658.991760 -498.014862 511.894470, 
519.047241 512.019775 -514.084167, -496.409668 527.840759 537.019714, 492.369507 536.084290 524.073364, 8.454982 -454.476715 489.723816, 651.419922 -486.010559 481.674072, 505.490570 -510.820892 -548.736694, -476.729797 -671.235840 -525.411194, -470.572632 684.292175 -503.659149, -426.177704 18.023428 -464.570465, -659.609070 -498.747589 511.353333, 
497.465729 507.427795 -513.843323, -496.557037 526.320618 536.398315, 490.488129 532.375793 519.859009, 8.313558 -452.372406 488.965179, 657.609863 -484.983521 478.695984, 493.830719 -505.412292 -542.993835, -477.948639 -670.985352 -525.785767, -472.500427 683.420593 -503.221649, -426.091949 16.798237 -462.999146, -659.663025 -499.275696 511.198303, 
511.624420 508.983917 -513.359619, -502.304535 531.834290 543.408447, 493.081665 518.721191 522.066650, 9.669937 -453.365417 490.282532, 650.330933 -484.913239 479.505615, 492.092163 -505.183136 -543.396545, -480.878265 -669.967651 -525.065186, -478.007568 680.701843 -502.718536, -427.647186 15.885373 -463.775024, -659.036438 -500.088043 511.399506, 
512.572083 507.256866 -511.497742, -497.565125 528.161865 539.655396, 490.095093 527.021729 520.603333, 7.575984 -454.055756 491.266113, 657.538757 -489.356842 479.685760, 498.147369 -504.554169 -544.266113, -483.211273 -669.754395 -524.409363, -478.090546 687.279663 -505.237793, -424.809479 16.879911 -460.408081, -662.098938 -501.425598 515.863281, 
515.301086 509.879639 -511.231262, -496.969452 526.089539 537.732056, 489.877625 530.063293 519.656921, 7.786856 -454.064087 491.300690, 658.318542 -488.597321 479.040283, 503.144684 -498.355194 -541.477051, -485.282104 -672.358459 -527.600586, -478.254242 685.412231 -504.882324, -423.553223 17.865892 -460.537201, -661.286926 -501.132050 513.344543, 
515.807922 513.397400 -514.449402, -495.987152 526.456055 536.425354, 489.133392 531.017944 520.128601, 8.695470 -453.712067 490.854828, 657.574951 -487.805817 479.342010, 498.806854 -501.265442 -540.649841, -476.881958 -671.570435 -527.823914, -476.068024 682.714600 -504.330566, -423.451752 17.439463 -460.876587, -658.552734 -499.993256 513.495972, 
514.721985 511.398132 -512.924744, -495.766663 527.778320 537.001404, 489.091248 531.232910 521.810364, 9.194281 -454.187164 491.430206, 650.331299 -487.487732 482.244324, 500.336731 -502.097382 -540.999146, -479.704803 -670.865173 -526.523438, -479.714478 690.469849 -509.945282, -423.163788 16.518848 -461.798889, -654.952637 -499.541016 511.441193, 
516.400330 512.661499 -512.414368, -497.774719 527.921936 537.611084, 485.138489 532.224304 519.804260, 8.289866 -452.709534 489.883911, 656.109863 -486.374084 481.675140, 495.353790 -498.960571 -538.956055, -488.580322 -681.690247 -534.681885, -478.070923 684.929077 -507.014160, -429.404022 18.460335 -465.000824, -651.670349 -480.859955 510.969696, 
511.629822 511.112274 -511.505341, -495.778748 529.838562 537.734497, 485.121674 531.247864 521.124146, 9.813037 -453.883179 489.227020, 657.155945 -487.265289 481.962952, 496.760559 -500.605713 -539.800415, -484.836975 -659.054443 -528.029724, -470.813110 684.095642 -504.988434, -427.086395 15.686496 -464.120728, -659.853149 -493.818848 514.690063, 
511.584503 511.477112 -511.441956, -497.078735 528.978088 535.744934, 489.083466 532.194946 520.950195, 9.331794 -454.661682 489.597290, 658.661133 -487.476105 477.516113, 498.039124 -501.297882 -539.992798, -483.897156 -668.662415 -527.793762, -472.343140 682.799377 -503.133087, -426.994232 18.795162 -458.204987, -658.295715 -496.008331 513.847778, 
522.549683 517.733887 -518.443115, -480.586273 528.278381 536.753601, 490.101990 532.267212 520.290527, 10.310715 -454.805450 489.815857, 664.988708 -490.824524 484.487061, 499.704742 -497.504578 -541.109680, -484.022491 -670.917297 -529.374329, -471.683105 684.136475 -505.102600, -430.043274 17.839025 -460.630859, -658.736328 -496.950897 514.437134, 
516.860291 513.548035 -514.540588, -489.337341 527.675049 539.069275, 491.995941 530.646851 519.334167, 11.507085 -456.134796 489.036438, 661.547729 -487.391266 479.774384, 499.090637 -495.523071 -541.874023, -479.872681 -669.615417 -527.835388, -482.159698 703.713013 -519.859680, -427.401245 17.984724 -460.998199, -657.561401 -496.170654 513.309265, 
513.633789 513.942993 -512.101685, -491.440552 526.299500 535.568909, 491.655670 531.277771 519.591064, 11.796881 -455.582794 489.401367, 658.557617 -483.989410 480.829987, 499.572205 -499.461243 -543.063721, -479.965790 -671.772217 -527.508911, -477.395569 686.013489 -509.695099, -426.647064 22.246813 -459.649933, -658.049866 -497.709900 514.326477, 
512.153137 511.939789 -512.212708, -484.410858 529.218140 536.684875, 490.546051 532.756165 520.734680, 11.180140 -458.538513 490.971954, 659.821167 -484.755768 476.999969, 501.198761 -502.261993 -542.561279, -485.207367 -676.797668 -531.302490, -475.382629 682.043457 -506.306824, -429.330322 19.055944 -464.011230, -663.102112 -501.408875 517.243958, 
521.067688 511.997223 -508.059357, -499.030151 529.890503 535.075317, 549.990295 566.712463 572.247131, 9.883358 -460.203430 488.747162, 662.059753 -487.160950 477.957336, 510.624023 -507.709839 -536.703796, -491.301086 -677.136292 -526.624023, -485.982910 688.004944 -503.992371, -436.349365 16.230917 -459.680450, -735.804443 -550.094666 565.066589, 
508.591949 506.971802 -497.242859, -484.157043 520.861816 533.539124, 510.558350 542.359436 542.775269, -2.918070 -447.331848 484.838135, 662.243164 -484.839935 484.083466, 502.061951 -503.891785 -540.268066, -484.586823 -672.999756 -522.912781, -476.352356 683.534851 -504.777191, -435.316101 13.177857 -460.568115, -661.576660 -517.824829 533.430420, 
541.814026 536.234253 -527.148438, -490.785431 523.155945 531.680420, 493.910217 535.467651 532.199646, 5.929959 -446.713440 481.174652, 656.682739 -487.501190 483.248444, 500.158081 -503.483093 -539.980652, -485.043335 -672.479614 -523.435364, -475.962555 682.607605 -503.769745, -435.044861 13.425042 -461.135956, -643.858337 -509.221771 523.111328, 
523.492493 517.509644 -514.875366, -474.003296 526.639648 536.460571, 496.825989 536.241089 527.478943, 12.462692 -446.767487 481.026367, 657.372314 -486.717194 483.904205, 498.947540 -498.393768 -539.824951, -483.876923 -673.766174 -525.009705, -469.276245 680.483826 -493.931152, -428.509430 16.093752 -460.338318, -652.966370 -505.657684 520.132507, 
517.020447 512.834106 -511.478271, -491.873779 531.636597 544.708923, 498.157959 535.822266 524.971619, 12.942117 -448.407959 482.029816, 658.040405 -487.798859 484.883087, 493.885986 -499.924591 -541.002686, -481.992767 -671.222107 -525.623291, -470.095764 682.294434 -499.053741, -428.645966 15.508767 -462.704132, -654.798279 -501.922302 519.118713, 
517.537292 512.028687 -511.440857, -491.262024 505.825378 540.146179, 501.621185 538.470703 529.558472, 12.548063 -448.317474 483.991272, 659.847290 -481.150543 485.812775, 499.048889 -501.509766 -540.398010, -487.175507 -677.070679 -528.900635, -476.018524 688.857178 -502.847900, -429.676605 16.344984 -463.595520, -655.335693 -499.348816 516.038513, 
514.590759 510.488312 -509.608337, -492.634552 519.353516 538.908020, 493.361877 536.894409 523.955261, 14.013145 -455.727295 488.954285, 659.405151 -484.686401 484.600220, 490.238983 -511.498322 -548.899902, -483.906647 -671.659424 -526.706970, -474.240295 685.713623 -499.687225, -426.112061 15.830154 -463.720520, -649.872192 -505.009949 514.825378, 
516.638000 507.298035 -510.546906, -494.078400 522.218384 538.877075, 490.777466 535.137695 523.372314, 14.885522 -455.275726 488.083771, 657.780640 -483.147278 480.993469, 497.024109 -507.258392 -545.144958, -485.839569 -672.393982 -526.279968, -475.144562 684.400757 -501.500946, -440.040894 16.862215 -478.854034, -652.900635 -501.987640 513.711975, 
519.865784 509.758148 -512.812805, -486.280457 523.906189 536.905579, 490.868744 533.568909 521.008301, 13.360288 -450.703613 484.847900, 661.941650 -484.198547 479.827576, 497.961243 -505.470856 -541.526062, -482.457062 -669.985596 -522.785828, -480.222900 702.124878 -509.967407, -430.557312 16.517710 -474.358429, -655.863586 -501.286133 512.680664, 
530.291992 521.304504 -525.485962, -492.218353 526.702515 536.532715, 490.910828 533.825623 521.668701, 13.503659 -452.614105 486.738098, 659.245667 -483.806976 481.819611, 498.909088 -504.290070 -542.964600, -481.120636 -672.086853 -522.773132, -472.672577 688.322266 -503.564423, -428.687714 20.081871 -471.493958, -656.353210 -499.376953 514.827271, 
520.777222 511.537750 -516.971069, -494.260864 525.396423 537.160828, 481.892120 532.721252 518.143494, 13.055964 -451.836517 485.927094, 658.645752 -483.927032 480.778320, 499.032837 -501.017761 -540.899597, -485.212921 -678.294067 -528.895081, -470.038849 685.702271 -501.739807, -435.495148 20.133495 -481.575226, -655.201233 -498.907104 513.384155, 
518.817200 510.504333 -511.108948, -499.266327 526.670471 538.619568, 487.281738 533.985718 518.902283, 11.995197 -452.972473 485.741882, 662.710083 -485.932892 482.750458, 480.638428 -502.727814 -541.159119, -480.019165 -675.057556 -524.553284, -470.913300 686.653076 -499.244812, -432.932983 16.994423 -475.735687, -655.965210 -497.994995 511.449646, 
518.042175 508.310822 -510.799896, -492.777863 524.147705 537.896179, 487.864685 531.747253 519.600464, 12.723189 -459.917969 495.802612, 661.493164 -486.066803 483.025330, 488.825714 -504.042542 -541.520691, -482.970551 -672.288635 -523.129272, -469.264893 685.434082 -498.770721, -432.021393 17.742409 -471.851868, -656.431519 -497.702545 510.822266, 
519.814270 509.954376 -514.310669, -495.810577 524.122131 536.738770, 489.632721 531.668274 520.513672, 12.154318 -458.958679 493.549011, 652.036621 -484.845215 482.250458, 495.004120 -504.561676 -541.058716, -482.442474 -672.208313 -523.526123, -469.902100 684.004944 -499.608002, -430.076630 17.313686 -468.342957, -655.836365 -496.718689 510.574463, 
517.505615 509.039612 -512.202148, -496.359375 525.694824 537.239685, 488.728851 531.631775 519.804749, 10.367904 -458.192780 492.656860, 656.319946 -486.851562 480.965332, 499.247253 -503.729919 -540.455322, -482.232239 -672.862976 -525.600891, -471.290375 685.506592 -501.411346, -428.719055 16.347139 -467.672272, -668.305176 -506.198334 517.749756, 
523.585510 510.462402 -510.086823, -503.951996 526.058167 534.947083, 495.494537 531.443848 516.383545, 7.319581 -456.280487 488.890900, 674.290283 -490.332245 481.445099, 505.499756 -508.399231 -538.637024, -485.027649 -676.834351 -523.954651, -479.111542 689.458679 -501.367889, -436.447388 16.037951 -464.182587, -668.303772 -502.395172 511.719482, 
519.298096 507.605865 -515.327515, -492.267242 526.502136 537.433044, 489.320007 531.578857 519.198486, 10.997845 -453.023285 490.017975, 661.216370 -486.291595 482.190765, 500.603027 -504.323944 -541.916138, -480.395630 -669.127136 -525.843872, -472.019714 683.379761 -502.815887, -430.116669 16.282804 -464.244171, -665.549927 -504.039948 516.343933, 
520.406921 508.201141 -514.745483, -495.855865 520.554871 537.745911, 491.498596 532.696106 520.423889, 10.599751 -464.389313 501.944794, 662.543457 -485.922272 481.215027, 497.610321 -503.218201 -541.339539, -498.999695 -700.918457 -549.094421, -474.333557 684.995911 -503.115936, -429.456543 16.887777 -462.604736, -661.761047 -502.453125 513.576660, 
516.994873 507.086670 -512.875793, -496.622650 525.045532 538.724121, 482.345917 531.502441 518.575012, 10.229498 -462.745178 495.170166, 654.400879 -483.984100 478.570374, 493.385681 -502.835724 -539.489990, -489.604095 -680.719666 -535.638550, -471.880188 683.546143 -496.730164, -425.835266 10.514065 -460.540649, -657.861694 -496.564575 506.750671, 
517.526733 507.865082 -511.877411, -500.674438 528.243835 543.118652, 486.597260 531.897339 519.534851, 9.599216 -463.289276 495.868195, 612.653625 -483.845001 480.108459, 506.279205 -514.449646 -550.887329, -486.886414 -676.293396 -532.254517, -470.451538 684.189819 -500.832703, -425.337006 12.037896 -460.657684, -657.996399 -496.543182 507.567810, 
516.684998 505.251648 -511.111694, -495.623352 526.737854 540.529541, 487.793701 530.828003 519.634399, -0.226138 -458.677216 493.576630, 640.490234 -484.147919 480.690063, 502.316040 -507.791321 -543.838684, -487.659485 -677.738403 -532.384705, -470.939026 678.857727 -499.843842, -423.744324 12.990797 -461.084930, -638.792175 -496.891479 508.848755, 
515.718689 507.371735 -512.472046, -497.247131 525.916626 539.289368, 487.528137 532.067993 520.434326, 5.323826 -457.586517 492.006042, 651.031860 -484.185272 482.543976, 500.501007 -506.925262 -542.244080, -484.381378 -673.911499 -530.721680, -471.526093 680.837158 -501.138062, -420.461945 12.210117 -462.164886, -652.278625 -498.100525 509.506622, 
515.958984 507.019562 -514.601135, -497.171570 518.486023 540.424072, 483.636292 533.342285 519.780823, 7.583492 -456.954437 489.895111, 654.634949 -484.634064 482.230194, 503.001556 -510.261169 -545.998718, -483.079926 -669.616455 -528.937317, -471.957550 680.763855 -501.251221, -421.658661 13.511353 -461.383606, -660.972717 -503.222931 512.887817, 
516.113831 506.873871 -512.847229, -497.047760 522.288635 540.534607, 485.313690 533.167053 519.807617, 8.377164 -457.668396 488.101990, 661.900940 -488.042786 485.975677, 501.386749 -506.695557 -541.535828, -482.573090 -670.752808 -528.340942, -473.333405 682.052246 -501.180237, -422.193329 14.710149 -461.802246, -640.239563 -501.641571 511.612915, 
520.345520 509.686127 -516.008789, -498.804169 522.951843 539.812378, 496.461670 543.784546 530.736755, 14.272042 -440.245453 486.398468, 656.704468 -479.826385 484.899536, 501.839996 -505.529297 -541.592224, -483.742798 -670.467651 -528.909241, -474.120972 682.811951 -500.266022, -423.391693 14.570537 -462.637085, -651.245544 -501.362885 511.425507, 
517.008362 508.603119 -510.965240, -497.185974 525.194214 538.949280, 491.102203 538.944031 523.093994, 14.105078 -450.018402 493.578400, 658.143616 -483.699707 484.244141, 500.108612 -505.790955 -540.663208, -477.798737 -670.941589 -528.083923, -468.428925 681.756409 -500.381470, -423.630035 15.582322 -463.737122, -652.875488 -502.666901 511.371552, 
518.078857 511.667542 -514.415527, -499.107483 526.970947 539.318237, 489.074188 535.583435 521.152283, 13.608664 -449.633545 492.109467, 658.965698 -484.825562 483.485962, 501.511353 -504.625763 -540.044861, -481.051605 -670.915649 -526.477600, -471.625702 682.046631 -501.729279, -425.693481 15.494999 -463.364044, -634.068848 -501.804199 510.416718, 
517.082336 494.696625 -512.380005, -498.358429 527.256165 540.346130, 489.161804 534.889709 520.973328, 17.516968 -452.362671 494.595520, 657.716675 -484.733246 483.775146, 501.042145 -503.617340 -540.492065, -481.562256 -670.922668 -520.120361, -471.065125 681.042236 -500.488403, -427.756256 16.299116 -465.001984, -648.600769 -501.371857 510.067139, 
515.597656 503.089111 -510.898254, -496.174561 525.883545 539.029053, 488.065643 534.739319 520.321350, 15.847528 -447.084045 492.048798, 659.553040 -484.921295 481.227997, 499.989960 -507.724670 -541.421570, -480.394653 -671.567200 -523.689575, -468.362213 680.813477 -502.370667, -427.404633 15.950920 -464.364563, -652.382263 -499.324646 510.747131, 
518.025635 500.162720 -511.195007, -497.341125 526.701843 533.359131, 487.197601 536.872314 522.000732, 14.981633 -448.319550 489.372101, 665.985779 -489.212433 483.582886, 502.081665 -508.546722 -543.485840, -484.252655 -675.794434 -526.874939, -470.400726 682.239136 -502.646637, -428.984741 15.361944 -464.401703, -654.977356 -484.449249 511.538818, 
524.678101 507.965546 -510.619080, -500.142517 533.025818 532.987976, 497.131927 539.204895 522.275330, 15.847971 -453.435150 490.000671, 510.767944 -491.626373 482.578186, 578.203613 -506.105988 -614.415588, -489.931091 -679.732239 -525.249756, -479.464539 689.914062 -505.079712, -436.076752 15.114289 -465.234802, -661.289001 -491.347260 513.954956, 
513.820740 506.896179 -506.517487, -496.466827 530.841064 536.526123, 501.279266 535.540222 526.817932, -16.871885 -444.129181 479.012482, 607.938416 -497.371918 474.925354, 527.070618 -501.216217 -562.349609, -467.230347 -674.578369 -522.577576, -464.102814 666.199463 -505.628204, -422.472626 12.152744 -465.251923, -656.817261 -493.136963 514.197083, 
516.204773 509.077942 -503.386383, -496.567596 532.493958 535.067200, 501.641449 534.900574 528.699768, -11.907990 -444.801270 489.655731, 640.407532 -496.204346 481.339844, 519.803101 -503.364624 -552.962769, -473.884979 -677.010803 -523.817261, -468.858795 676.485535 -504.896790, -426.509338 9.811860 -464.463959, -634.299805 -495.910431 514.140381, 
515.835022 509.347198 -505.628937, -496.973541 532.938171 535.794128, 494.458008 530.244080 526.136658, 0.441539 -441.102753 486.608307, 646.485779 -492.916077 481.181122, 507.442596 -501.690918 -545.500671, -475.548828 -674.311279 -523.127869, -451.672821 677.653076 -504.296692, -406.346252 10.196890 -463.435364, -654.987671 -498.634003 513.064941, 
514.931030 516.471802 -514.291199, -497.996796 532.130737 518.677673, 492.030914 529.824707 525.159607, 3.633306 -443.130127 488.429260, 652.790344 -493.654205 480.149048, 504.159149 -502.942749 -543.491211, -471.583435 -673.184204 -525.352966, -468.387177 681.350159 -506.572144, -416.679932 11.656597 -464.889618, -660.091309 -498.799744 512.847229, 
514.909241 511.111420 -510.901733, -498.517395 530.260864 529.761841, 492.487823 530.600525 522.887329, 5.650174 -444.112946 490.522308, 653.821594 -491.095734 481.457916, 503.424316 -502.264893 -542.957886, -476.711914 -672.935974 -524.726013, -480.380402 692.757324 -522.717468, -422.490540 12.912437 -467.122803, -660.087708 -499.528290 513.198486, 
513.395508 510.131500 -507.972504, -495.963715 528.956177 531.312256, 489.131683 513.985718 522.054749, 6.094920 -444.787689 490.904053, 663.803162 -497.126434 486.799347, 497.982422 -503.443451 -541.792358, -482.811798 -677.408691 -527.459045, -481.100494 691.627991 -518.489258, -424.148132 15.299398 -463.784668, -659.482239 -499.715027 513.018188, 
511.721283 510.790375 -508.489044, -518.406494 553.187622 555.399109, 491.208801 525.050537 523.184570, 8.212664 -447.765503 489.181580, 659.768005 -497.587677 483.355225, 500.247681 -502.606934 -528.370972, -483.229645 -672.953552 -525.316895, -469.372437 685.471069 -511.892151, -427.815430 16.649851 -465.818542, -656.028625 -499.233307 511.140137, 
515.889160 509.597229 -509.112396, -504.119720 534.744873 541.171021, 487.806061 528.847900 521.718994, 8.022052 -446.297424 492.005585, 659.323120 -493.564453 484.193451, 497.124878 -501.627869 -535.826843, -481.596863 -673.659058 -526.634216, -471.007294 682.119751 -503.721680, -428.642731 18.013712 -460.896881, -656.731812 -495.644836 511.566071, 
515.909180 508.467041 -509.313843, -501.359650 531.439941 538.622559, 487.843018 529.351990 520.760559, 8.961536 -446.942108 491.848663, 658.592773 -490.150391 484.021606, 500.878357 -504.385773 -541.540466, -480.998688 -671.887085 -526.791992, -466.524109 671.027405 -503.405182, -428.707947 16.539034 -460.786896, -656.972656 -497.852386 511.025635, 
520.001831 510.490204 -512.007141, -498.074402 529.220276 539.521973, 487.701324 528.406311 522.234131, 9.332516 -447.701935 490.817383, 657.795349 -489.676697 483.414490, 498.966736 -504.447632 -540.583923, -479.370331 -671.471191 -527.685669, -469.792145 679.282471 -503.765900, -414.975189 13.520391 -461.004700, -655.878174 -498.591522 511.543365, 
519.578613 509.833313 -511.359863, -488.578552 526.796204 539.105957, 503.149902 548.067322 535.682983, 9.697012 -450.924561 492.588776, 657.991150 -489.395142 482.649353, 500.456116 -504.501404 -540.105835, -483.227844 -674.270691 -529.823914, -471.420715 679.922546 -503.267029, -421.745636 14.900292 -463.343048, -656.488098 -499.081024 511.796112, 
520.984314 512.058899 -511.717865, -491.141022 527.091064 537.263611, 496.951782 535.982361 526.211426, 10.429926 -453.913330 496.058319, 639.547424 -485.938843 482.448059, 496.516754 -503.789093 -540.414551, -480.714844 -670.988770 -523.737244, -472.176392 680.298767 -504.003601, -420.333191 14.146773 -462.712952, -657.125061 -499.233032 505.532410, 
517.968445 510.763031 -511.298462, -493.001526 526.820496 536.705811, 494.100647 532.214844 521.535889, 6.813553 -452.142731 495.015747, 653.247986 -487.330933 482.009430, 497.674469 -503.521301 -541.415222, -481.508362 -670.772217 -525.705566, -471.830597 681.065918 -505.285400, -420.642639 14.883975 -463.179382, -657.370300 -498.846893 508.992249, 
517.374756 505.090668 -511.227539, -494.506561 527.050842 537.281067, 499.981628 538.990112 528.476746, 8.330894 -452.022644 494.200439, 656.403992 -486.995575 480.915161, 500.410431 -505.646515 -542.749207, -482.744202 -667.350342 -520.327698, -470.851227 679.865540 -503.733551, -422.393127 15.441265 -458.099731, -657.932556 -497.193176 507.518585, 
523.913208 512.116272 -513.350891, -501.254333 532.932922 540.354248, 503.441284 542.429932 527.816711, 9.846081 -451.846161 494.144348, 663.302795 -487.116058 480.626953, 505.276550 -508.078857 -540.898682, -487.464355 -666.541138 -524.315613, -476.709473 684.301208 -503.883148, -426.035217 15.840284 -459.573975, -662.429199 -497.854492 509.071991, 
515.330811 508.391418 -510.347961, -494.239197 528.283630 538.208130, 492.117493 534.844421 523.041016, 11.327551 -454.829987 500.076477, 660.256470 -485.257233 481.330414, 500.610352 -500.364349 -540.687195, -482.404053 -664.888855 -526.191284, -473.684418 683.308472 -504.897003, -421.163574 17.271523 -459.024597, -658.507874 -497.965179 510.994965, 
513.988159 508.054352 -511.511444, -496.127197 527.525452 538.933838, 489.959625 533.373901 521.489441, 10.884726 -454.872101 497.972595, 676.343201 -498.034149 493.865997, 498.168243 -503.126007 -540.866333, -481.373322 -668.276062 -527.447571, -474.307892 682.817444 -504.317413, -422.178345 17.642757 -459.394928, -661.175537 -500.886719 513.765991, 
514.598633 508.240784 -510.650574, -495.230621 526.336121 537.937134, 489.811218 529.657166 519.663452, 14.120606 -436.142731 494.260101, 663.776855 -491.187927 487.416290, 500.192047 -503.988495 -538.822754, -483.537079 -671.992981 -527.984497, -471.520081 680.546875 -504.934723, -423.169769 17.417618 -459.148468, -659.090515 -498.878967 512.208252, 
516.639893 509.086395 -511.522644, -503.966309 536.887512 546.630066, 491.660828 532.907898 519.039246, 13.065210 -442.808075 492.690552, 662.326782 -465.882111 485.586517, 503.713135 -507.211182 -542.401855, -482.536224 -670.247131 -526.945679, -468.970154 682.976135 -503.593231, -410.232300 16.176615 -460.427185, -654.238953 -501.279327 511.829376, 
531.570984 525.715637 -530.024780, -500.103699 530.952087 541.456909, 488.839355 537.194824 519.817078, 13.263886 -447.824158 492.316101, 659.094727 -477.999512 483.274750, 502.576294 -509.000671 -541.340332, -482.991608 -669.925049 -526.370911, -473.639984 679.373474 -502.675476, -418.949158 16.977289 -461.674530, -654.319580 -500.508911 511.234711, 
520.805420 512.238403 -518.667114, -497.877411 527.837524 539.594238, 480.621155 535.111816 515.219177, 13.033053 -449.771027 491.010162, 658.222046 -479.247620 482.685028, 505.187836 -508.057953 -543.599304, -486.175842 -674.916992 -530.427246, -470.489685 680.601929 -502.962341, -418.945740 17.626331 -459.217499, -647.535645 -500.305084 512.110962, 
523.692810 514.608887 -520.106079, -500.083679 528.282043 540.263000, 495.639587 546.201050 525.544189, 13.810441 -451.689850 489.005920, 663.165161 -483.491302 486.474335, 501.868988 -505.777283 -540.229065, -482.482269 -684.047424 -537.422058, -473.490204 682.329651 -500.936920, -419.059845 15.723632 -456.793518, -654.821167 -500.131500 512.698792, 
519.336121 510.408997 -514.133545, -497.852051 526.334656 539.030212, 506.729095 555.837524 537.065552, 14.737220 -449.509094 487.044586, 661.572632 -481.993988 484.859924, 501.487152 -504.641785 -539.343567, -491.955597 -688.000000 -540.938354, -473.281677 681.937622 -503.007355, -421.290405 13.493361 -457.444214, -655.772156 -500.493011 511.439789, 
